testday	profit_e4	profit_e6	profit_e9	throughput_e4	throughput_e6	throughput_e9
0	0.000	0.000	0.000	0.000	0.000	0.000
1	1.188	6.097	6.097	0.160	0.037	0.037
2	2.242	10.249	10.157	0.338	0.097	0.074
3	3.477	14.793	14.698	0.515	0.132	0.109
4	5.051	21.863	21.760	0.675	0.169	0.146
5	10.084	41.383	40.987	0.890	0.219	0.185
6	11.694	62.109	61.708	1.016	0.254	0.220
7	12.032	66.978	66.569	1.096	0.294	0.260
8	13.020	72.288	71.779	1.219	0.354	0.300
9	13.885	76.224	75.715	1.397	0.391	0.337
10	14.224	81.596	81.075	1.494	0.428	0.374
11	14.674	87.770	87.250	1.574	0.466	0.412
12	16.055	94.023	93.699	1.709	0.519	0.451
13	16.696	99.219	98.526	1.835	0.556	0.486
14	17.272	102.113	101.883	1.932	0.611	0.525
15	18.029	106.525	105.687	2.110	0.647	0.560
16	19.191	110.774	109.826	2.233	0.699	0.593
17	19.798	115.304	114.356	2.393	0.732	0.627
18	20.334	121.690	120.735	2.528	0.769	0.664
19	21.308	128.505	127.550	2.608	0.801	0.696
20	21.804	135.409	134.454	2.688	0.838	0.732
21	22.196	141.953	140.998	2.734	0.874	0.769
22	22.836	148.199	147.244	2.814	0.912	0.807
23	23.420	154.249	153.294	2.894	0.946	0.841
24	24.119	159.586	158.631	3.054	0.986	0.881
25	24.718	170.152	169.197	3.134	1.019	0.914
26	27.108	177.350	176.053	3.340	1.068	0.952
27	27.801	184.330	183.177	3.463	1.104	0.986
28	28.677	191.708	190.426	3.589	1.150	1.020
29	29.386	199.691	198.409	3.669	1.188	1.058
30	30.668	205.447	204.148	3.792	1.221	1.092
31	31.694	209.906	208.609	3.890	1.258	1.129
32	32.116	215.231	213.934	3.970	1.293	1.164
33	32.549	221.833	220.536	4.050	1.328	1.199
34	33.188	226.693	225.313	4.130	1.378	1.237
35	33.812	232.212	230.832	4.299	1.410	1.269
36	34.957	240.735	239.343	4.397	1.448	1.308
37	36.226	247.542	246.150	4.520	1.485	1.344
38	36.927	254.872	253.480	4.618	1.523	1.382
39	37.551	261.238	259.846	4.796	1.557	1.416
40	38.138	268.060	266.668	4.922	1.594	1.453
41	39.185	274.829	273.437	5.045	1.633	1.492
42	39.768	282.098	280.706	5.125	1.666	1.525
43	40.834	288.509	287.117	5.248	1.707	1.567
44	41.917	295.083	293.691	5.372	1.741	1.600
45	42.380	300.840	299.448	5.452	1.773	1.632
46	42.951	306.507	305.115	5.532	1.810	1.670
47	43.872	313.286	311.894	5.612	1.847	1.706
48	45.042	320.312	318.920	5.692	1.882	1.742
49	46.551	326.400	325.008	5.895	1.918	1.778
50	47.767	333.259	331.867	6.098	1.956	1.815
51	49.454	339.302	337.803	6.268	2.006	1.854
52	50.752	346.332	344.833	6.428	2.042	1.890
53	52.919	354.575	352.839	6.588	2.115	1.929
54	55.222	366.867	365.152	6.791	2.151	1.965
55	57.630	375.901	373.733	6.994	2.206	2.004
56	58.319	384.031	381.896	7.154	2.242	2.040
57	60.398	397.275	396.106	7.234	2.300	2.081
58	63.364	408.019	405.385	7.358	2.351	2.116
59	64.359	416.069	413.493	7.561	2.386	2.150
60	64.968	424.252	421.644	7.730	2.424	2.188
61	65.377	434.621	432.016	7.810	2.456	2.220
62	67.963	444.150	441.262	7.945	2.508	2.259
63	70.132	454.616	451.728	8.105	2.547	2.298
64	72.917	465.190	462.269	8.274	2.586	2.338
65	74.530	474.834	471.915	8.477	2.629	2.380
66	76.043	484.344	481.425	8.681	2.664	2.416
67	76.882	491.727	488.808	8.884	2.701	2.453
68	77.483	502.486	499.567	8.964	2.738	2.490
69	80.158	512.898	509.979	9.167	2.779	2.530
70	82.128	523.411	520.492	9.345	2.821	2.572
71	83.378	533.353	530.434	9.468	2.863	2.615
72	86.084	544.103	541.184	9.672	2.904	2.656
73	88.309	553.774	550.855	9.875	2.941	2.693
74	89.137	564.483	561.564	9.998	2.979	2.730
75	90.037	574.955	572.036	10.122	3.018	2.769
76	95.054	585.783	581.766	10.282	3.107	2.815
77	104.630	601.059	593.137	10.451	3.197	2.853
78	107.539	611.221	603.365	10.611	3.235	2.891
79	109.867	622.329	614.425	10.789	3.277	2.933
80	111.259	631.907	624.006	10.949	3.320	2.976
81	111.984	641.662	633.761	11.072	3.362	3.018
82	112.526	652.720	644.819	11.195	3.401	3.057
83	122.471	669.410	656.876	11.355	3.491	3.100
84	125.614	682.477	669.989	11.515	3.532	3.140
85	126.735	693.412	680.802	11.650	3.575	3.184
86	129.328	703.539	690.938	11.853	3.622	3.231
87	131.831	723.420	710.818	12.022	3.662	3.271
88	133.380	732.897	720.295	12.226	3.703	3.312
89	135.330	740.589	727.701	12.349	3.758	3.355
90	138.012	750.478	737.033	12.509	3.807	3.394
91	144.066	761.636	747.568	12.669	3.897	3.436
92	147.199	771.478	757.452	12.872	3.937	3.475
93	149.127	782.176	768.078	13.076	3.979	3.518
94	151.476	792.912	778.746	13.253	4.040	3.561
95	154.878	807.869	793.656	13.457	4.076	3.598
96	158.242	817.864	802.712	13.660	4.167	3.645
97	161.504	827.363	812.109	13.863	4.227	3.685
98	164.004	840.232	824.978	14.067	4.269	3.727
99	166.483	850.182	834.903	14.270	4.312	3.770
100	168.998	859.870	844.595	14.473	4.356	3.813
101	171.054	867.255	851.966	14.651	4.397	3.855
102	172.240	876.625	861.337	14.854	4.434	3.891
103	173.293	882.772	867.484	15.058	4.476	3.934
104	176.434	892.083	876.573	15.218	4.530	3.973
105	179.198	900.778	884.964	15.421	4.591	4.018
106	181.744	912.797	896.983	15.581	4.633	4.060
107	183.179	922.315	906.481	15.733	4.673	4.101
108	185.257	930.463	914.430	15.893	4.732	4.145
109	185.995	936.429	920.396	16.071	4.770	4.183
110	186.731	939.357	923.327	16.240	4.809	4.222
111	189.451	945.379	928.683	16.400	4.896	4.264
112	190.735	952.076	935.217	16.603	4.952	4.307
113	192.760	960.862	944.003	16.738	4.990	4.345
114	194.056	970.013	953.057	16.881	5.043	4.386
115	195.252	977.139	960.096	17.005	5.098	4.429
116	197.822	986.741	969.658	17.208	5.133	4.465
117	199.073	997.493	980.167	17.331	5.180	4.502
118	200.410	1006.264	988.938	17.535	5.217	4.540
119	202.495	1016.253	998.893	17.658	5.257	4.580
120	204.962	1025.615	1008.074	17.781	5.308	4.618
121	207.120	1036.266	1018.456	17.905	5.359	4.656
122	208.105	1045.860	1028.050	18.108	5.392	4.688
123	211.609	1053.815	1035.795	18.311	5.422	4.701
124	214.499	1062.567	1043.924	18.435	5.503	4.738
125	215.716	1070.646	1052.026	18.558	5.529	4.743
126	217.290	1077.612	1058.723	18.638	5.587	4.748
127	218.731	1082.962	1063.913	18.798	5.614	4.756
128	220.043	1088.154	1069.034	18.958	5.640	4.762
129	220.778	1097.886	1078.766	19.081	5.640	4.762
130	221.582	1105.693	1086.573	19.205	5.674	4.795
131	223.031	1112.539	1093.293	19.285	5.699	4.800
132	224.616	1121.235	1101.989	19.365	5.699	4.800
133	225.908	1128.257	1109.011	19.568	5.699	4.800
134	226.917	1134.881	1115.566	19.648	5.725	4.805
135	227.552	1140.732	1121.375	19.728	5.752	4.809
136	228.480	1151.790	1132.433	19.808	5.752	4.809
137	230.520	1163.477	1143.761	20.000	5.778	4.819
138	233.054	1176.399	1156.599	20.124	5.805	4.826
139	234.082	1183.844	1163.991	20.247	5.831	4.828
140	234.984	1189.167	1169.314	20.370	5.872	4.868
141	237.169	1196.984	1177.184	20.540	5.924	4.906
142	238.301	1205.139	1185.115	20.620	5.960	4.944
143	239.201	1212.459	1192.288	20.755	5.997	4.983
144	239.987	1214.932	1195.874	20.924	6.058	5.021
145	241.250	1221.042	1200.668	21.084	6.092	5.062
146	242.073	1226.215	1205.841	21.228	6.132	5.102
147	243.242	1231.307	1210.757	21.308	6.185	5.142
148	245.299	1238.482	1217.628	21.388	6.242	5.184
149	247.610	1244.034	1222.469	21.522	6.361	5.225
150	247.896	1254.345	1232.731	21.586	6.401	5.265
151	248.658	1261.816	1240.113	21.666	6.439	5.303
152	250.594	1268.807	1246.497	21.789	6.512	5.342
153	252.683	1275.131	1251.675	21.913	6.568	5.385
154	257.134	1281.769	1256.884	22.073	6.720	5.425
155	258.244	1289.843	1264.855	22.199	6.758	5.465
156	260.202	1293.732	1268.297	22.359	6.812	5.504
157	261.554	1303.074	1277.615	22.482	6.846	5.538
158	262.611	1317.471	1292.012	22.651	6.879	5.571
159	265.799	1324.471	1298.087	22.821	6.967	5.615
160	269.829	1331.617	1302.323	22.944	7.058	5.660
161	274.337	1338.775	1308.038	23.067	7.137	5.699
162	278.358	1344.463	1311.338	23.191	7.223	5.738
163	279.492	1348.463	1315.128	23.280	7.276	5.776
164	280.248	1354.421	1321.023	23.360	7.327	5.812
165	280.912	1363.004	1329.606	23.529	7.362	5.847
166	282.718	1367.451	1333.743	23.653	7.415	5.886
167	284.235	1371.970	1337.918	23.742	7.466	5.925
168	285.047	1377.776	1343.619	23.822	7.516	5.963
169	286.202	1383.662	1349.360	23.902	7.570	6.003
170	287.503	1387.256	1352.646	24.080	7.651	6.043
171	289.011	1392.830	1357.919	24.206	7.702	6.078
172	290.080	1400.605	1365.683	24.329	7.734	6.110
173	291.258	1406.377	1371.412	24.418	7.784	6.147
174	293.920	1416.562	1381.118	24.541	7.833	6.186
175	295.766	1421.968	1386.354	24.745	7.913	6.222
176	298.477	1433.634	1397.738	24.925	7.960	6.259
177	301.582	1440.857	1404.647	25.085	8.020	6.292
178	304.114	1454.792	1418.578	25.309	8.047	6.320
179	307.516	1464.145	1427.029	25.523	8.100	6.363
180	309.758	1473.359	1436.374	25.647	8.148	6.396
181	310.742	1477.348	1440.423	25.727	8.198	6.432
182	311.723	1481.798	1444.728	25.850	8.249	6.472
183	312.713	1487.319	1450.059	25.948	8.297	6.512
184	313.391	1492.131	1454.742	26.071	8.346	6.545
185	314.273	1496.786	1459.259	26.194	8.394	6.577
186	315.219	1500.638	1462.957	26.329	8.445	6.614
187	316.332	1505.222	1467.051	26.452	8.488	6.648
188	317.896	1509.484	1471.107	26.575	8.573	6.681
189	320.818	1515.041	1475.149	26.735	8.659	6.727
190	324.654	1519.853	1477.934	26.939	8.812	6.767
191	327.957	1524.221	1481.493	27.019	8.906	6.805
192	328.721	1528.276	1485.591	27.142	8.942	6.841
193	329.393	1532.955	1490.238	27.196	8.979	6.878
194	331.318	1536.972	1493.652	27.374	9.062	6.920
195	332.413	1539.927	1497.940	27.463	9.120	6.961
196	334.342	1546.852	1502.629	27.589	9.179	7.004
197	337.124	1550.627	1505.376	27.713	9.261	7.044
198	340.082	1555.459	1509.017	27.847	9.344	7.086
199	341.167	1561.649	1515.246	28.050	9.383	7.124
200	342.358	1568.814	1522.346	28.185	9.426	7.168
201	344.179	1573.709	1526.864	28.345	9.478	7.208
202	346.086	1578.317	1530.849	28.514	9.560	7.249
203	348.275	1584.955	1537.258	28.692	9.618	7.292
204	351.644	1593.145	1544.995	28.895	9.670	7.332
205	353.704	1599.422	1550.886	29.018	9.723	7.373
206	354.734	1604.110	1555.456	29.108	9.776	7.412
207	355.740	1613.381	1564.727	29.242	9.813	7.449
208	357.431	1616.975	1567.844	29.376	9.896	7.489
209	359.342	1620.912	1571.121	29.528	9.977	7.530
210	360.434	1623.840	1573.627	29.608	10.060	7.573
211	361.487	1626.701	1576.217	29.734	10.114	7.612
212	363.467	1633.547	1582.901	29.938	10.165	7.653
213	364.812	1638.208	1587.403	30.107	10.217	7.694
214	365.802	1648.427	1597.622	30.187	10.256	7.732
215	367.814	1654.661	1603.573	30.267	10.317	7.775
216	370.854	1659.507	1607.746	30.470	10.416	7.820
217	374.156	1665.971	1613.717	30.674	10.503	7.862
218	375.786	1672.143	1619.449	30.754	10.583	7.906
219	376.627	1676.943	1624.064	30.880	10.637	7.948
220	378.077	1685.893	1633.014	31.083	10.674	7.985
221	382.091	1699.579	1645.765	31.286	10.730	8.031
222	384.864	1706.211	1652.797	31.410	10.783	8.075
223	386.634	1714.024	1659.167	31.490	10.846	8.114
224	390.245	1719.791	1663.819	31.650	10.992	8.153
225	398.563	1728.965	1667.024	31.810	11.154	8.204
226	401.088	1731.888	1668.643	31.970	11.303	8.248
227	402.812	1739.429	1676.178	32.130	11.344	8.290
228	403.719	1744.520	1681.128	32.264	11.387	8.333
229	405.825	1749.500	1685.847	32.433	11.447	8.380
230	407.984	1752.701	1688.224	32.593	11.584	8.425
231	410.082	1758.944	1694.216	32.753	11.634	8.468
232	411.701	1762.842	1698.347	32.913	11.728	8.513
233	413.367	1769.784	1704.519	33.073	11.767	8.554
234	415.287	1781.039	1715.774	33.243	11.806	8.593
235	417.734	1785.299	1719.092	33.457	11.866	8.638
236	419.470	1789.353	1723.462	33.617	11.974	8.675
237	421.595	1794.458	1728.107	33.777	12.092	8.719
238	424.940	1802.278	1735.414	33.980	12.147	8.763
239	426.789	1807.921	1740.838	34.140	12.201	8.801
240	428.465	1811.799	1744.676	34.300	12.256	8.844
241	430.084	1816.200	1748.780	34.460	12.315	8.883
242	431.679	1821.968	1754.156	34.584	12.371	8.927
243	434.302	1827.097	1759.176	34.744	12.469	8.971
244	437.090	1831.416	1762.606	34.904	12.560	9.011
245	439.044	1836.054	1766.969	35.064	12.624	9.054
246	439.921	1840.215	1771.030	35.198	12.679	9.097
247	441.841	1843.359	1773.627	35.358	12.795	9.140
248	442.624	1847.743	1777.907	35.536	12.846	9.177
249	443.231	1851.941	1782.105	35.633	12.881	9.212
250	447.976	1858.399	1785.227	35.793	13.030	9.254
251	451.373	1862.788	1787.675	35.997	13.175	9.296
252	452.723	1866.579	1791.202	36.157	13.258	9.338
253	455.974	1875.420	1799.836	36.360	13.318	9.380
254	459.600	1884.377	1808.607	36.563	13.378	9.422
255	463.493	1898.425	1822.566	36.813	13.437	9.464
256	466.239	1916.101	1840.354	36.982	13.482	9.505
257	468.795	1928.787	1852.586	37.185	13.523	9.549
258	471.125	1934.566	1857.889	37.345	13.597	9.589
259	473.197	1938.442	1861.258	37.489	13.660	9.634
260	476.075	1942.253	1863.886	37.649	13.775	9.674
261	478.440	1948.406	1869.873	37.827	13.877	9.715
262	479.720	1955.254	1876.721	37.950	13.915	9.754
263	482.186	1963.364	1885.673	38.094	13.976	9.795
264	484.942	1970.460	1890.802	38.254	14.068	9.835
265	486.385	1975.623	1895.715	38.414	14.128	9.877
266	488.786	1980.199	1900.142	38.574	14.181	9.919
267	491.748	1984.910	1904.211	38.734	14.324	9.960
268	493.626	1990.118	1909.288	38.894	14.375	10.001
269	498.274	2000.435	1919.159	39.117	14.433	10.045
270	503.029	2011.019	1929.479	39.321	14.537	10.091
271	506.372	2017.621	1935.567	39.481	14.642	10.134
272	508.932	2025.158	1943.094	39.641	14.683	10.175
273	511.154	2030.940	1948.835	39.818	14.727	10.219
274	515.395	2042.627	1960.112	39.978	14.805	10.261
275	518.708	2054.402	1971.206	40.095	14.886	10.299
276	522.303	2064.952	1980.712	40.273	14.960	10.338
277	528.018	2076.021	1991.129	40.515	15.116	10.383
278	530.559	2086.153	2001.856	40.675	15.159	10.423
279	535.177	2100.337	2013.312	40.835	15.211	10.465
280	537.496	2109.842	2022.849	40.970	15.257	10.510
281	538.943	2117.673	2030.637	41.130	15.301	10.555
282	540.081	2127.005	2039.969	41.333	15.342	10.595
283	541.095	2136.208	2049.174	41.413	15.381	10.635
284	544.050	2145.897	2058.526	41.530	15.435	10.675
285	550.495	2161.373	2072.324	41.646	15.524	10.721
286	555.239	2175.692	2086.267	41.806	15.583	10.765
287	558.983	2192.658	2103.233	41.966	15.625	10.808
288	561.277	2209.153	2119.618	42.092	15.668	10.851
289	562.671	2223.515	2133.981	42.252	15.708	10.891
290	563.841	2236.809	2147.284	42.332	15.744	10.927
291	567.194	2258.244	2168.719	42.492	15.786	10.969
292	570.471	2279.415	2189.889	42.652	15.828	11.011
293	571.498	2289.332	2199.806	42.812	15.873	11.055
294	574.086	2309.774	2220.248	42.956	15.912	11.095
295	577.136	2323.939	2234.413	43.159	15.953	11.136
296	580.621	2338.723	2248.866	43.239	16.030	11.177
297	585.406	2353.765	2262.518	43.319	16.108	11.217
298	588.834	2368.878	2277.604	43.479	16.145	11.255
299	591.226	2385.113	2293.906	43.639	16.187	11.296
300	593.018	2398.647	2307.435	43.799	16.226	11.335
301	594.987	2410.742	2319.530	43.959	16.269	11.379
302	596.100	2425.420	2334.208	44.119	16.311	11.420
303	597.120	2436.899	2345.687	44.199	16.347	11.457
304	602.160	2449.276	2356.631	44.279	16.426	11.495
305	605.969	2460.209	2367.773	44.439	16.469	11.537
306	614.144	2491.608	2399.172	44.645	16.507	11.574
307	618.611	2509.682	2417.244	44.851	16.552	11.620
308	620.107	2525.083	2432.645	45.055	16.593	11.660
309	623.313	2539.350	2446.912	45.215	16.640	11.708
310	628.888	2556.537	2463.199	45.338	16.723	11.751
311	636.994	2578.344	2483.485	45.527	16.823	11.797
312	640.653	2598.993	2502.891	45.730	16.855	11.835
313	642.582	2621.029	2524.938	45.908	16.899	11.879
314	644.225	2640.298	2544.139	46.068	16.942	11.923
315	645.410	2659.737	2563.586	46.148	16.982	11.963
316	646.718	2682.818	2586.667	46.308	17.021	12.002
317	649.560	2702.670	2606.518	46.388	17.059	12.040
318	654.372	2723.967	2627.777	46.594	17.118	12.082
319	658.931	2744.828	2648.082	46.754	17.151	12.118
320	660.999	2764.242	2667.495	46.880	17.194	12.162
321	663.042	2778.653	2681.905	46.996	17.241	12.209
322	666.123	2793.452	2696.704	47.200	17.287	12.255
323	673.739	2811.823	2714.848	47.377	17.387	12.297
324	678.199	2840.861	2743.476	47.592	17.441	12.333
325	685.495	2858.699	2760.125	47.795	17.517	12.376
326	690.285	2874.544	2776.165	48.073	17.580	12.415
327	694.171	2900.690	2801.508	48.233	17.611	12.453
328	697.217	2920.465	2821.293	48.393	17.652	12.493
329	699.621	2936.247	2837.016	48.553	17.690	12.532
330	701.686	2952.397	2853.171	48.670	17.732	12.574
331	705.606	2961.796	2861.124	48.750	17.811	12.612
332	712.975	2969.258	2865.710	48.910	17.965	12.659
333	716.021	2978.382	2874.107	49.053	18.011	12.697
334	718.500	2990.244	2885.977	49.213	18.048	12.734
335	720.819	3002.694	2898.337	49.383	18.086	12.772
336	721.685	3013.116	2908.760	49.499	18.121	12.808
337	722.878	3024.159	2919.811	49.616	18.159	12.845
338	723.928	3033.558	2929.209	49.750	18.195	12.881
339	726.536	3041.933	2938.903	49.910	18.250	12.919
340	727.183	3051.370	2946.693	49.965	18.279	12.954
341	728.792	3066.225	2961.567	50.081	18.317	12.992
342	729.664	3081.556	2976.825	50.198	18.356	13.030
343	731.128	3096.590	2991.866	50.358	18.395	13.070
344	732.717	3112.434	3007.709	50.518	18.434	13.108
345	738.980	3126.709	3019.243	50.598	18.518	13.149
346	747.059	3137.520	3028.768	50.732	18.627	13.194
347	749.947	3154.267	3043.808	50.892	18.655	13.231
348	751.430	3168.039	3057.604	51.052	18.692	13.267
349	753.638	3182.974	3072.409	51.212	18.731	13.308
350	755.865	3198.119	3087.563	51.372	18.776	13.353
351	758.089	3211.222	3100.665	51.532	18.817	13.393
352	759.106	3216.317	3105.689	51.630	18.874	13.433
353	762.926	3229.794	3118.349	51.710	18.950	13.472
354	764.615	3243.681	3132.120	51.870	18.985	13.507
355	765.334	3257.199	3145.638	51.924	19.021	13.543
356	766.132	3271.374	3159.817	52.014	19.060	13.582
357	768.226	3288.905	3177.348	52.094	19.095	13.617
358	768.735	3303.958	3192.397	52.210	19.132	13.655
359	770.411	3320.111	3208.550	52.370	19.171	13.694
360	777.600	3337.064	3225.508	52.530	19.252	13.737
361	779.870	3352.796	3240.534	52.700	19.280	13.766
362	780.603	3366.706	3254.443	52.780	19.317	13.803
363	781.036	3380.522	3268.231	52.860	19.351	13.837
364	781.509	3394.584	3282.295	52.896	19.390	13.876
365	782.759	3406.583	3294.294	53.013	19.430	13.916
366	783.954	3417.712	3305.423	53.093	19.465	13.951
367	785.920	3429.687	3317.398	53.173	19.500	13.986
368	787.129	3444.167	3331.878	53.264	19.538	14.024
369	790.807	3458.586	3346.519	53.398	19.596	14.063
370	792.569	3471.346	3358.840	53.478	19.633	14.102
371	793.084	3486.491	3373.665	53.515	19.670	14.141
372	794.026	3501.687	3388.850	53.632	19.705	14.177
373	794.665	3516.585	3403.749	53.712	19.742	14.213
374	796.035	3535.824	3422.988	53.792	19.778	14.249
375	797.502	3550.852	3438.016	53.901	19.816	14.287
376	798.375	3567.675	3454.839	53.981	19.853	14.324
377	805.109	3586.520	3473.275	54.141	19.906	14.361
378	811.024	3607.050	3493.372	54.275	19.956	14.397
379	813.319	3628.401	3514.717	54.453	19.994	14.436
380	817.781	3653.185	3539.463	54.613	20.032	14.474
381	824.068	3690.985	3577.210	54.747	20.085	14.515
382	825.866	3713.296	3599.256	54.864	20.119	14.550
383	827.898	3737.334	3622.995	55.024	20.154	14.587
384	829.533	3757.739	3643.433	55.140	20.196	14.628
385	831.112	3777.614	3663.329	55.300	20.236	14.668
386	832.811	3797.642	3683.355	55.417	20.272	14.704
387	834.192	3813.560	3699.273	55.577	20.305	14.737
388	835.901	3830.180	3715.760	55.657	20.358	14.778
389	838.838	3846.160	3731.753	55.860	20.393	14.813
390	840.174	3864.446	3749.991	56.064	20.431	14.852
391	847.984	3879.329	3764.333	56.267	20.512	14.888
392	856.082	3897.747	3782.070	56.427	20.569	14.926
393	865.375	3913.539	3797.127	56.587	20.651	14.968
394	872.049	3942.270	3825.225	56.793	20.699	15.004
395	876.723	3958.886	3842.930	56.999	20.752	15.041
396	879.494	3980.843	3863.296	57.116	20.783	15.076
397	881.723	3997.622	3880.093	57.331	20.818	15.111
398	885.129	4012.708	3895.103	57.509	20.855	15.149
399	889.927	4026.952	3909.356	57.712	20.895	15.189
400	898.239	4045.554	3926.754	57.918	20.949	15.231
401	904.855	4062.369	3942.449	58.096	21.036	15.265
402	914.163	4092.665	3971.888	58.394	21.089	15.305
403	919.566	4110.689	3989.434	58.597	21.134	15.340
404	926.790	4128.604	4007.273	58.801	21.185	15.375
405	929.630	4143.056	4021.734	58.961	21.219	15.410
406	931.587	4157.129	4035.684	59.121	21.256	15.446
407	935.216	4170.483	4049.047	59.290	21.293	15.484
408	939.188	4190.616	4069.180	59.413	21.327	15.518
409	945.365	4210.016	4088.283	59.573	21.378	15.553
410	954.901	4229.428	4106.832	59.745	21.442	15.590
411	960.112	4248.801	4125.799	59.949	21.495	15.626
412	963.097	4264.551	4141.558	60.152	21.527	15.658
413	965.493	4278.057	4154.939	60.321	21.575	15.696
414	967.582	4291.609	4168.378	60.456	21.613	15.735
415	968.786	4304.034	4180.541	60.582	21.652	15.775
416	970.406	4314.947	4191.454	60.725	21.691	15.814
417	975.026	4329.060	4205.160	60.929	21.743	15.850
418	984.243	4342.868	4216.818	61.132	21.851	15.892
419	988.894	4354.544	4228.089	61.335	21.901	15.931
420	991.660	4364.573	4237.715	61.452	21.953	15.971
421	993.838	4372.594	4245.736	61.612	21.991	16.009
422	1000.088	4383.110	4255.362	61.790	22.100	16.047
423	1004.281	4392.474	4263.576	61.962	22.159	16.085
424	1007.272	4406.863	4278.343	62.122	22.207	16.121
425	1011.537	4426.569	4298.041	62.325	22.247	16.161
426	1017.969	4442.370	4313.646	62.528	22.314	16.204
427	1025.432	4461.431	4331.860	62.732	22.374	16.246
428	1029.288	4478.860	4349.289	62.935	22.413	16.285
429	1032.194	4496.592	4366.986	63.138	22.457	16.329
430	1036.483	4508.534	4378.949	63.262	22.516	16.374
431	1040.009	4525.000	4394.647	63.422	22.551	16.411
432	1043.322	4541.930	4411.577	63.582	22.589	16.450
433	1046.834	4561.144	4430.783	63.751	22.629	16.490
434	1048.537	4579.721	4449.360	63.911	22.670	16.531
435	1050.442	4592.067	4461.706	64.045	22.709	16.569
436	1053.360	4607.827	4477.466	64.249	22.746	16.607
437	1057.936	4622.254	4491.257	64.372	22.805	16.649
438	1060.688	4637.714	4506.393	64.532	22.858	16.689
439	1063.333	4653.186	4521.865	64.612	22.901	16.732
440	1065.582	4668.097	4536.204	64.692	22.954	16.774
441	1069.215	4685.743	4553.850	64.815	22.992	16.812
442	1072.132	4697.866	4565.940	64.950	23.034	16.854
443	1075.893	4709.893	4577.970	65.153	23.074	16.894
444	1079.339	4721.610	4589.838	65.288	23.128	16.938
445	1083.516	4737.679	4605.159	65.458	23.170	16.976
446	1089.099	4752.619	4620.099	65.618	23.210	17.017
447	1096.967	4767.687	4634.372	65.821	23.269	17.062
448	1104.235	4790.864	4656.370	65.981	23.332	17.107
449	1111.148	4809.798	4674.834	66.141	23.391	17.150
450	1114.627	4829.795	4694.527	66.319	23.431	17.190
451	1119.207	4851.833	4716.257	66.442	23.482	17.229
452	1126.155	4877.063	4741.047	66.645	23.539	17.271
453	1134.608	4898.072	4761.248	66.849	23.600	17.312
454	1141.958	4931.904	4795.080	67.009	23.645	17.357
455	1150.368	4964.422	4827.482	67.212	23.690	17.402
456	1159.655	4997.590	4859.536	67.390	23.747	17.445
457	1168.971	5043.653	4904.429	67.550	23.804	17.485
458	1176.648	5324.315	5185.091	67.753	23.843	17.525
459	1187.157	5355.890	5214.898	67.913	23.899	17.568
460	1197.927	5384.029	5241.480	68.116	23.975	17.612
461	1208.157	5407.976	5265.202	68.319	24.039	17.661
462	1216.105	5433.882	5288.071	68.454	24.078	17.700
463	1228.861	5459.156	5311.045	68.614	24.218	17.746
464	1236.429	5491.189	5342.924	68.792	24.256	17.784
465	1247.385	5528.888	5378.817	68.995	24.330	17.831
466	1258.535	5559.014	5408.048	69.198	24.387	17.873
467	1270.600	5598.865	5447.899	69.401	24.431	17.917
468	1280.392	5644.293	5493.212	69.605	24.476	17.962
469	1288.166	5700.989	5549.909	69.748	24.521	18.007
470	1296.377	5764.889	5613.823	69.926	24.564	18.050
471	1304.885	5823.467	5672.400	70.129	24.610	18.096
472	1313.814	5886.758	5735.691	70.333	24.654	18.141
473	1326.078	5933.965	5782.898	70.536	24.697	18.183
474	1338.177	6001.174	5850.107	70.705	24.742	18.228
475	1366.192	6079.125	5928.058	70.955	24.789	18.276
476	1380.203	6137.789	5985.249	71.158	24.845	18.317
477	1388.937	6182.364	6029.883	71.336	24.888	18.360
478	1394.147	6232.195	6078.984	71.539	24.933	18.406
479	1409.490	6275.853	6125.995	71.742	25.004	18.449
480	1418.224	6319.259	6165.452	71.946	25.037	18.489
481	1423.089	6356.817	6202.181	72.080	25.082	18.537
482	1432.402	6402.578	6247.906	72.283	25.125	18.579
483	1440.531	6449.944	6295.274	72.487	25.174	18.628
484	1451.322	6495.124	6340.454	72.690	25.218	18.673
485	1458.846	6524.922	6369.750	72.893	25.272	18.712
486	1468.280	6559.636	6404.808	73.097	25.333	18.765
487	1478.789	6604.621	6447.681	73.186	25.366	18.796
488	1486.377	6639.256	6481.698	73.320	25.425	18.835
489	1488.843	6665.800	6508.242	73.480	25.467	18.876
490	1491.656	6693.204	6535.615	73.560	25.511	18.921
491	1495.168	6718.019	6560.430	73.738	25.552	18.962
492	1503.562	6753.360	6598.735	73.898	25.616	19.008
493	1511.790	6784.822	6623.768	74.021	25.682	19.043
494	1518.159	6814.306	6653.241	74.181	25.726	19.087
495	1524.607	6839.716	6676.031	74.261	25.811	19.128
496	1529.813	6869.299	6705.700	74.421	25.850	19.167
497	1532.293	6898.266	6734.300	74.547	25.889	19.207
498	1538.487	6927.152	6763.073	74.671	25.939	19.243
499	1540.679	6950.429	6786.350	74.794	25.977	19.281
500	1548.303	6965.790	6797.814	74.874	26.066	19.326
501	1555.073	6983.974	6813.457	74.954	26.152	19.367
502	1558.036	6991.876	6825.641	75.098	26.207	19.408
503	1561.925	7013.962	6842.692	75.241	26.242	19.452
504	1566.327	7029.330	6857.659	75.401	26.283	19.494
505	1569.561	7065.947	6894.128	75.571	26.323	19.534
506	1571.509	7095.510	6923.254	75.694	26.363	19.576
507	1577.598	7119.448	6945.580	75.820	26.442	19.616
508	1584.483	7148.778	6973.228	75.900	26.519	19.655
509	1595.845	7175.484	6995.672	75.980	26.604	19.695
510	1602.683	7194.661	7012.518	76.060	26.686	19.737
511	1608.005	7218.991	7034.938	76.140	26.764	19.780
512	1612.383	7233.088	7048.772	76.263	26.824	19.824
513	1614.568	7259.013	7074.697	76.387	26.866	19.866
514	1626.501	7282.007	7093.084	76.467	26.948	19.909
515	1631.232	7310.111	7121.421	76.547	26.990	19.950
516	1641.278	7334.783	7144.319	76.670	27.044	19.997
517	1650.237	7359.231	7167.449	76.873	27.094	20.037
518	1657.358	7454.961	7263.179	76.997	27.138	20.081
519	1659.354	7497.410	7305.381	77.077	27.179	20.122
520	1667.732	7543.163	7351.151	77.200	27.218	20.161
521	1677.079	7566.192	7371.122	77.280	27.297	20.204
522	1684.020	7594.048	7397.574	77.360	27.354	20.249
523	1688.022	7626.085	7429.611	77.449	27.397	20.293
524	1696.185	7644.169	7445.283	77.529	27.481	20.338
525	1704.621	7663.221	7463.483	77.733	27.534	20.377
526	1707.860	7682.731	7482.228	77.859	27.587	20.417
527	1709.693	7714.856	7514.159	77.939	27.625	20.456
528	1716.325	7735.177	7533.453	78.019	27.683	20.500
529	1722.884	7754.396	7550.406	78.099	27.762	20.542
530	1729.610	7776.690	7570.857	78.225	27.843	20.581
531	1737.514	7795.717	7586.054	78.305	27.927	20.624
532	1743.437	7807.878	7596.287	78.385	28.004	20.663
533	1748.090	7824.031	7611.170	78.465	28.060	20.702
534	1754.556	7866.689	7653.828	78.668	28.100	20.742
535	1762.729	7887.730	7670.006	78.757	28.188	20.789
536	1777.441	7905.700	7683.271	78.837	28.278	20.828
537	1788.925	7928.755	7700.776	78.917	28.359	20.871
538	1793.149	7959.653	7731.643	79.007	28.403	20.915
539	1798.005	7992.730	7764.271	79.130	28.439	20.951
540	1806.335	8018.456	7788.794	79.228	28.516	20.985
541	1813.255	8056.535	7826.846	79.351	28.550	21.019
542	1822.196	8074.645	7843.561	79.474	28.629	21.056
543	1830.320	8094.637	7860.429	79.678	28.687	21.100
544	1838.011	8113.605	7878.808	79.801	28.756	21.131
545	1850.613	8137.949	7900.856	80.007	28.810	21.166
546	1862.910	8166.772	7928.736	80.222	28.866	21.205
547	1870.051	8191.186	7951.620	80.346	28.918	21.241
548	1874.595	8219.652	7979.951	80.549	28.952	21.276
549	1887.615	8250.192	8008.767	80.752	29.010	21.319
550	1892.492	8269.062	8027.448	80.876	29.081	21.353
551	1900.672	8291.056	8048.831	80.999	29.140	21.395
552	1904.893	8305.547	8061.284	81.143	29.191	21.442
553	1909.122	8319.774	8074.976	81.346	29.247	21.482
554	1914.125	8338.473	8093.281	81.438	29.303	21.521
555	1922.675	8363.866	8118.365	81.536	29.357	21.569
556	1929.368	8383.972	8135.652	81.616	29.420	21.607
557	1935.384	8406.374	8156.878	81.776	29.501	21.650
558	1941.500	8421.803	8170.475	81.936	29.580	21.692
559	1944.636	8435.267	8182.841	82.096	29.636	21.734
560	1950.285	8445.725	8190.884	82.256	29.775	21.774
561	1951.891	8451.933	8196.239	82.336	29.831	21.816
562	1954.309	8470.475	8214.781	82.459	29.870	21.855
563	1957.547	8482.881	8227.125	82.548	29.916	21.901
564	1961.687	8492.395	8235.116	82.683	29.994	21.941
565	1966.800	8508.792	8250.738	82.843	30.048	21.982
566	1971.496	8525.376	8265.986	82.969	30.127	22.025
567	1976.773	8538.334	8277.718	83.129	30.222	22.068
568	1978.406	8554.472	8293.812	83.209	30.261	22.107
569	1980.298	8567.413	8306.263	83.289	30.302	22.150
570	1988.677	8584.085	8318.186	83.449	30.383	22.192
571	2002.421	8605.991	8334.591	83.609	30.514	22.234
572	2010.410	8621.327	8345.799	83.769	30.642	22.283
573	2018.867	8638.573	8359.050	83.929	30.732	22.326
574	2023.738	8655.946	8373.991	84.009	30.812	22.366
575	2026.501	8679.790	8397.868	84.125	30.854	22.408
576	2028.032	8710.175	8428.165	84.205	30.897	22.452
577	2037.442	8731.291	8448.821	84.409	30.957	22.494
578	2042.984	8754.299	8471.371	84.578	31.001	22.539
579	2047.017	8778.766	8495.997	84.738	31.047	22.585
580	2050.351	8800.180	8517.430	84.882	31.092	22.629
581	2054.491	8820.714	8537.963	85.051	31.135	22.672
582	2056.944	8849.561	8566.810	85.220	31.181	22.718
583	2071.703	8888.530	8608.695	85.460	31.270	22.764
584	2076.907	8917.682	8633.481	85.620	31.310	22.809
585	2081.393	8947.130	8662.929	85.780	31.355	22.854
586	2085.044	8962.716	8678.479	85.940	31.401	22.900
587	2088.975	8977.262	8693.028	86.100	31.444	22.943
588	2093.225	8987.395	8702.470	86.270	31.501	22.988
589	2095.432	8997.157	8712.232	86.404	31.546	23.032
590	2104.438	9017.486	8734.469	86.573	31.634	23.076
591	2112.595	9042.242	8754.549	86.751	31.677	23.117
592	2118.307	9054.507	8766.232	86.920	31.756	23.161
593	2125.448	9071.992	8783.024	87.124	31.817	23.204
594	2137.731	9104.707	8814.569	87.327	31.879	23.250
595	2143.987	9131.043	8840.827	87.530	31.922	23.293
596	2153.698	9164.101	8873.431	87.745	31.973	23.334
597	2160.277	9191.854	8901.984	87.948	32.035	23.379
598	2171.246	9215.862	8924.196	88.108	32.076	23.419
599	2175.357	9248.396	8956.708	88.242	32.119	23.461
600	2179.497	9271.853	8980.139	88.402	32.162	23.504
601	2184.660	9287.687	8995.974	88.572	32.210	23.553
602	2193.636	9303.123	9009.815	88.749	32.280	23.599
603	2201.797	9317.196	9020.409	88.919	32.406	23.643
604	2209.055	9327.157	9024.042	89.042	32.528	23.688
605	2216.380	9338.906	9039.808	89.176	32.628	23.729
606	2224.490	9359.049	9053.289	89.336	32.707	23.775
607	2234.961	9367.517	9064.248	89.496	32.823	23.819
608	2240.706	9392.974	9080.386	89.656	32.860	23.860
609	2245.410	9405.780	9092.570	89.773	32.917	23.904
610	2249.877	9429.034	9115.824	89.853	32.955	23.942
611	2256.100	9439.295	9132.967	89.933	33.025	23.991
612	2268.879	9480.850	9168.921	90.093	33.070	24.038
613	2289.433	9517.887	9197.356	90.253	33.172	24.080
614	2307.385	9561.104	9238.425	90.413	33.234	24.122
615	2317.694	9596.178	9273.499	90.616	33.280	24.168
616	2327.925	9637.294	9313.208	90.742	33.343	24.214
617	2334.256	9689.704	9365.305	90.920	33.386	24.257
618	2341.333	9736.636	9410.001	91.064	33.442	24.300
619	2358.460	9763.052	9434.624	91.267	33.535	24.340
620	2366.312	9781.174	9448.659	91.427	33.619	24.382
621	2368.850	9802.181	9469.982	91.587	33.659	24.422
622	2376.326	9824.456	9491.818	91.756	33.699	24.462
623	2382.481	9849.085	9516.521	91.916	33.745	24.508
624	2393.224	9873.314	9537.483	92.042	33.831	24.549
625	2395.978	9906.859	9571.019	92.122	33.870	24.589
626	2403.979	9931.119	9596.006	92.292	33.917	24.634
627	2413.727	9953.176	9616.222	92.452	33.977	24.678
628	2425.382	9971.885	9633.139	92.612	34.039	24.720
629	2435.698	9996.614	9656.046	92.772	34.117	24.759
630	2442.034	10020.994	9680.406	92.906	34.159	24.801
631	2445.528	10046.910	9705.955	93.004	34.200	24.844
632	2457.383	10075.297	9732.725	93.164	34.293	24.890
633	2461.539	10091.757	9755.804	93.280	34.356	24.932
634	2469.625	10128.301	9783.015	93.415	34.412	24.973
635	2483.056	10152.964	9802.533	93.549	34.525	25.018
636	2495.984	10171.990	9816.334	93.709	34.644	25.069
637	2498.706	10181.637	9825.283	93.826	34.689	25.115
638	2510.101	10201.512	9838.469	94.003	34.798	25.165
639	2700.317	10386.505	9865.077	94.120	34.920	25.209
640	2709.086	10407.521	9882.123	94.200	35.004	25.251
641	2718.957	10436.017	9906.339	94.317	35.083	25.296
642	2730.037	10457.152	9932.196	94.477	35.166	25.343
643	2739.848	10502.647	9969.673	94.603	35.221	25.383
644	2744.158	10531.727	9998.753	94.683	35.268	25.431
645	2760.546	10580.688	10047.513	94.780	35.336	25.475
646	2770.931	10604.012	10069.159	94.950	35.462	25.521
647	2773.227	10622.787	10087.594	95.030	35.517	25.563
648	2779.952	10642.244	10106.907	95.233	35.558	25.605
649	2785.022	10662.070	10125.865	95.350	35.602	25.651
650	2788.895	10695.219	10159.053	95.466	35.644	25.693
651	2799.995	10714.963	10173.782	95.564	35.725	25.737
652	2813.000	10738.432	10192.291	95.733	35.810	25.778
653	2822.919	10758.584	10212.713	95.937	35.865	25.820
654	2829.416	10787.631	10239.813	96.097	35.903	25.857
655	2834.094	10810.800	10262.982	96.257	35.941	25.896
656	2838.209	10833.966	10286.065	96.391	35.983	25.938
657	2840.870	10853.154	10305.250	96.514	36.031	25.986
658	2846.279	10878.537	10330.634	96.640	36.074	26.029
659	2854.896	10890.956	10344.582	96.864	36.142	26.078
660	2860.120	10910.615	10366.911	96.998	36.181	26.110
661	2864.093	10931.544	10381.930	97.115	36.217	26.153
662	2869.176	10958.858	10409.554	97.275	36.260	26.196
663	2875.286	10981.392	10431.940	97.435	36.301	26.238
664	2880.465	10999.598	10450.158	97.595	36.341	26.277
665	2883.537	11014.197	10464.371	97.675	36.394	26.319
666	2888.216	11036.633	10488.084	97.755	36.445	26.356
667	2893.099	11059.865	10509.143	97.915	36.481	26.395
668	2896.826	11081.618	10530.688	98.032	36.521	26.436
669	2902.256	11107.646	10556.680	98.192	36.563	26.478
670	2905.438	11133.042	10582.076	98.308	36.602	26.517
671	2909.748	11156.488	10605.513	98.425	36.644	26.559
672	2912.415	11178.613	10627.638	98.505	36.689	26.604
673	2920.020	11191.782	10642.735	98.585	36.775	26.648
674	2925.274	11222.814	10669.234	98.745	36.809	26.688
675	2929.126	11246.433	10692.997	98.905	36.852	26.731
676	2932.890	11274.804	10721.258	99.022	36.894	26.773
677	2937.168	11301.476	10747.556	99.138	36.950	26.817
678	2941.574	11325.371	10771.504	99.298	36.993	26.860
679	2945.876	11342.664	10788.061	99.378	37.052	26.906
680	2959.603	11362.920	10801.317	99.458	37.132	26.952
681	2965.958	11378.614	10817.613	99.618	37.187	26.991
682	2971.764	11390.983	10829.038	99.778	37.246	27.032
683	2979.213	11407.281	10844.794	99.982	37.321	27.074
684	2984.750	11421.578	10858.637	100.142	37.383	27.120
685	2987.802	11433.229	10870.424	100.302	37.423	27.160
686	2989.147	11455.376	10892.032	100.338	37.479	27.203
687	2995.403	11466.533	10899.537	100.436	37.563	27.244
688	2997.950	11478.444	10911.320	100.596	37.616	27.284
689	3001.631	11499.492	10931.950	100.802	37.669	27.325
690	3005.361	11517.970	10950.481	100.919	37.707	27.363
691	3007.951	11549.881	10981.813	101.053	37.761	27.404
692	3012.436	11566.696	10998.146	101.213	37.845	27.443
693	3014.925	11587.433	11018.741	101.293	37.886	27.486
694	3019.163	11595.388	11029.851	101.373	37.942	27.525
695	3024.340	11610.244	11038.846	101.533	38.000	27.564
696	3028.159	11617.674	11046.245	101.650	38.053	27.601
697	3032.513	11626.801	11054.918	101.810	38.110	27.645
698	3035.600	11639.242	11066.945	101.927	38.165	27.685
699	3039.755	11653.079	11080.241	102.043	38.217	27.723
700	3040.616	11664.627	11091.820	102.080	38.255	27.761
701	3045.039	11676.699	11103.307	102.240	38.317	27.802
702	3052.545	11702.872	11127.674	102.366	38.404	27.845
703	3056.444	11721.790	11146.674	102.526	38.457	27.883
704	3057.394	11740.889	11165.852	102.609	38.496	27.922
705	3060.368	11765.092	11189.910	102.735	38.536	27.962
706	3062.073	11786.564	11211.382	102.861	38.576	28.003
707	3063.564	11793.583	11218.362	102.953	38.633	28.047
708	3076.400	11816.308	11237.745	103.113	38.716	28.095
709	3079.396	11833.917	11255.297	103.193	38.770	28.134
710	3082.754	11850.070	11271.270	103.316	38.825	28.173
711	3087.149	11858.942	11283.450	103.396	38.900	28.215
712	3091.025	11874.920	11292.933	103.548	38.938	28.256
713	3097.333	11887.263	11305.168	103.628	39.022	28.293
714	3102.438	11910.324	11327.778	103.751	39.102	28.333
715	3113.321	11941.868	11353.634	103.886	39.185	28.382
716	3120.723	11958.467	11367.656	103.966	39.251	28.428
717	3130.366	11974.306	11381.611	104.089	39.331	28.463
718	3136.254	11986.842	11394.641	104.153	39.387	28.500
719	3141.020	12008.679	11414.937	104.199	39.439	28.538
720	3147.693	12024.609	11430.556	104.402	39.490	28.573
721	3151.266	12044.786	11449.972	104.482	39.541	28.609
722	3160.504	12058.432	11466.876	104.642	39.631	28.655
723	3163.631	12089.092	11491.233	104.679	39.659	28.689
724	3170.380	12113.021	11514.488	104.768	39.711	28.726
725	3172.466	12138.454	11539.997	104.805	39.748	28.763
726	3179.660	12171.724	11573.046	104.894	39.786	28.802
727	3187.663	12199.411	11600.762	105.054	39.824	28.839
728	3194.255	12217.925	11618.376	105.257	39.883	28.882
729	3208.596	12238.623	11633.125	105.392	39.971	28.930
730	3214.688	12261.388	11655.851	105.489	40.021	28.967
731	3219.696	12282.420	11678.507	105.613	40.076	29.004
732	3223.503	12305.063	11700.730	105.659	40.128	29.044
733	3230.362	12325.195	11720.202	105.785	40.193	29.081
734	3238.037	12348.519	11742.322	105.945	40.252	29.123
735	3246.646	12382.471	11775.660	106.165	40.293	29.165
736	3260.163	12427.295	11812.721	106.245	40.378	29.210
737	3265.311	12462.232	11847.280	106.291	40.432	29.248
738	3269.651	12493.629	11880.618	106.371	40.483	29.282
739	3275.554	12521.288	11907.166	106.451	40.532	29.320
740	3284.737	12575.909	11961.787	106.611	40.569	29.357
741	3287.574	12615.378	12000.953	106.648	40.606	29.394
742	3295.374	12665.287	12050.883	106.774	40.648	29.437
743	3313.528	12738.732	12115.717	106.854	40.728	29.483
744	3332.666	12773.580	12143.438	106.977	40.811	29.524
745	3342.683	12799.993	12163.992	107.057	40.868	29.564
746	3361.667	12830.278	12198.999	107.147	40.931	29.598
747	3378.842	12854.013	12217.545	107.281	41.032	29.632
748	3399.009	12879.404	12235.324	107.530	41.187	29.671
749	3408.295	12898.907	12250.476	107.610	41.265	29.705
750	3422.866	12921.224	12266.464	107.762	41.347	29.752
751	3428.342	12927.802	12275.014	107.842	41.404	29.797
752	3444.388	12960.939	12303.092	108.048	41.477	29.831
753	3458.298	12979.531	12318.222	108.208	41.613	29.866
754	3464.320	12995.040	12331.037	108.245	41.666	29.901
755	3470.080	13015.081	12350.294	108.325	41.715	29.935
756	3476.061	13041.712	12376.125	108.405	41.767	29.971
757	3489.113	13062.951	12388.479	108.485	41.847	30.016
758	3496.349	13086.096	12409.703	108.531	41.900	30.049
759	3508.134	13110.812	12428.827	108.654	41.983	30.087
760	3522.487	13132.211	12447.347	108.778	42.101	30.123
761	3529.524	13150.498	12464.106	108.858	42.151	30.156
762	3537.128	13162.358	12474.944	109.030	42.212	30.194
763	3551.783	13195.339	12502.913	109.127	42.295	30.233
764	3570.349	13240.721	12539.641	109.207	42.375	30.276
765	3581.369	13269.043	12567.859	109.367	42.426	30.310
766	3595.447	13296.150	12594.212	109.527	42.493	30.349
767	3605.446	13323.682	12619.064	109.687	42.542	30.389
768	3618.001	13344.175	12648.119	109.847	42.621	30.429
769	3628.484	13388.775	12682.551	110.007	42.655	30.462
770	3633.791	13418.425	12711.779	110.131	42.708	30.497
771	3642.654	13437.629	12737.678	110.211	42.790	30.537
772	3647.763	13487.958	12776.077	110.293	42.820	30.575
773	3657.133	13517.448	12802.878	110.383	42.904	30.615
774	3668.971	13541.929	12826.538	110.518	42.986	30.651
775	3673.706	13565.528	12848.121	110.598	43.037	30.689
776	3678.067	13589.693	12872.469	110.724	43.072	30.724
777	3685.775	13671.062	12953.455	110.804	43.108	30.760
778	3704.851	13728.907	13004.943	110.930	43.167	30.805
779	3713.530	13758.228	13046.643	111.010	43.230	30.841
780	3724.197	13819.107	13106.995	111.144	43.272	30.876
781	3734.965	13897.439	13173.990	111.224	43.307	30.916
782	3741.274	13938.252	13210.822	111.304	43.358	30.958
783	3745.677	13961.151	13232.025	111.341	43.410	30.998
784	3753.358	13984.798	13255.262	111.544	43.449	31.037
785	3768.022	14013.187	13277.420	111.688	43.533	31.084
786	3776.815	14057.621	13322.068	111.725	43.575	31.115
787	3792.620	14101.989	13361.549	111.805	43.652	31.149
788	3798.222	14137.265	13396.534	111.885	43.709	31.191
789	3808.450	14165.344	13421.101	111.965	43.795	31.230
790	3818.470	14186.928	13440.688	112.108	43.848	31.267
791	3843.852	14231.115	13474.881	112.286	43.941	31.305
792	3872.080	14273.619	13506.955	112.602	44.048	31.350
793	3888.021	14304.991	13535.394	112.771	44.109	31.391
794	3898.156	14325.658	13556.928	112.915	44.169	31.432
795	3909.464	14342.573	13571.581	113.075	44.227	31.471
796	3918.234	14360.771	13588.644	113.235	44.305	31.515
797	3935.583	14375.838	13601.355	113.438	44.450	31.558
798	3939.347	14410.808	13632.288	113.555	44.479	31.592
799	3951.617	14437.102	13655.531	113.678	44.559	31.634
800	3964.603	14468.982	13685.401	113.838	44.647	31.674
801	3976.408	14494.407	13706.935	113.918	44.703	31.715
802	3989.085	14518.374	13727.107	114.044	44.787	31.758
803	3996.628	14545.264	13751.934	114.167	44.840	31.797
804	4019.348	14577.641	13779.065	114.373	44.956	31.843
805	4043.124	14611.031	13809.246	114.685	45.072	31.885
806	4064.903	14654.851	13846.014	114.875	45.151	31.930
807	4082.797	14681.642	13869.667	115.081	45.235	31.968
808	4101.822	14714.939	13900.050	115.241	45.330	32.008
809	4125.966	14750.905	13933.493	115.401	45.397	32.053
810	4145.859	14780.126	13960.144	115.570	45.481	32.094
811	4150.788	14802.857	13981.009	115.679	45.533	32.133
812	4157.779	14816.488	13993.805	115.882	45.586	32.171
813	4170.669	14831.735	14006.086	116.086	45.674	32.211
814	4199.340	14867.540	14031.507	116.289	45.852	32.256
815	4230.770	14903.461	14053.849	116.458	45.965	32.294
816	4252.920	14932.516	14074.328	116.662	46.058	32.339
817	4275.119	14961.021	14092.982	116.796	46.187	32.381
818	4301.519	14993.807	14115.623	116.956	46.332	32.429
819	4315.962	15030.613	14152.152	117.159	46.394	32.472
820	4340.546	15099.085	14216.907	117.409	46.439	32.513
821	4365.673	15174.769	14293.150	117.669	46.497	32.552
822	4407.037	15239.835	14345.255	117.872	46.634	32.597
823	4423.295	15281.481	14386.333	118.073	46.681	32.646
824	4447.715	15317.905	14414.126	118.233	46.820	32.691
825	4467.507	15346.485	14436.717	118.436	46.945	32.733
826	4481.327	15374.305	14460.376	118.614	47.091	32.775
827	4498.906	15407.848	14491.548	118.872	47.174	32.817
828	4517.810	15442.010	14523.693	119.104	47.239	32.861
829	4539.508	15478.036	14554.325	119.264	47.328	32.904
830	4569.421	15516.760	14584.328	119.433	47.475	32.947
831	4578.978	15544.707	14610.359	119.602	47.533	32.987
832	4592.365	15572.998	14635.933	119.762	47.613	33.033
833	4600.572	15611.979	14675.077	119.966	47.651	33.071
834	4610.846	15649.636	14711.478	120.169	47.709	33.122
835	4621.932	15689.331	14750.129	120.347	47.766	33.160
836	4634.464	15733.639	14793.387	120.507	47.834	33.208
837	4645.143	15782.589	14842.337	120.667	47.878	33.252
838	4653.152	15821.540	14880.532	120.844	47.935	33.296
839	4660.878	15850.601	14908.984	121.048	47.993	33.335
840	4666.239	15890.783	14949.166	121.251	48.032	33.374
841	4672.483	15911.953	14970.282	121.512	48.072	33.415
842	4681.093	15952.457	15010.792	121.716	48.119	33.461
843	4689.893	15982.570	15039.411	121.919	48.180	33.508
844	4697.406	16005.893	15061.714	122.079	48.276	33.553
845	4704.273	16023.520	15078.561	122.239	48.330	33.596
846	4707.583	16041.687	15096.728	122.399	48.372	33.639
847	4710.500	16058.352	15113.311	122.559	48.414	33.681
848	4714.624	16074.286	15128.602	122.737	48.497	33.722
849	4719.261	16092.314	15148.655	122.951	48.558	33.767
850	4727.379	16125.940	15179.090	123.154	48.595	33.807
851	4732.065	16144.459	15199.609	123.324	48.649	33.850
852	4736.806	16163.985	15216.177	123.413	48.682	33.886
853	4739.782	16180.954	15233.146	123.536	48.721	33.926
854	4744.765	16201.428	15253.603	123.660	48.764	33.969
855	4752.871	16223.566	15275.171	123.909	48.837	34.010
856	4758.173	16248.131	15302.467	124.112	48.897	34.054
857	4764.340	16277.987	15328.526	124.272	48.936	34.095
858	4774.671	16297.689	15346.399	124.432	49.076	34.136
859	4781.331	16314.258	15361.909	124.636	49.157	34.176
860	4788.725	16327.759	15372.390	124.796	49.246	34.214
861	4792.834	16343.351	15387.762	124.965	49.323	34.253
862	4801.364	16358.471	15399.665	125.168	49.407	34.292
863	4807.152	16373.779	15413.194	125.320	49.490	34.332
864	4820.016	16393.720	15428.513	125.498	49.571	34.377
865	4833.710	16419.937	15448.586	125.670	49.659	34.423
866	4844.248	16436.295	15464.162	125.848	49.749	34.461
867	4852.193	16447.157	15472.832	126.025	49.836	34.499
868	4857.261	16460.705	15483.285	126.115	49.919	34.543
869	4868.067	16475.699	15493.929	126.195	50.003	34.583
870	4877.925	16488.552	15502.228	126.318	50.095	34.623
871	4888.775	16502.879	15510.693	126.521	50.227	34.674
872	4899.268	16516.535	15518.855	126.645	50.352	34.717
873	4908.724	16529.983	15527.730	126.822	50.442	34.756
874	4915.672	16542.226	15536.505	126.902	50.529	34.798
875	4921.542	16553.313	15540.233	127.000	50.626	34.850
876	4935.131	16575.050	15556.336	127.169	50.735	34.890
877	4949.395	16595.700	15572.008	127.259	50.822	34.927
878	4961.304	16612.602	15587.628	127.339	50.904	34.960
879	4970.685	16632.269	15602.255	127.419	50.986	34.998
880	4976.714	16648.831	15616.298	127.499	51.061	35.037
881	4980.552	16670.853	15637.868	127.622	51.097	35.074
882	4987.371	16695.145	15658.157	127.745	51.155	35.116
883	4995.468	16702.850	15665.579	127.825	51.255	35.156
884	5006.945	16731.045	15689.044	127.905	51.317	35.193
885	5021.601	16751.982	15701.289	128.075	51.471	35.236
886	5030.501	16769.801	15711.829	128.164	51.553	35.276
887	5041.467	16786.513	15724.951	128.244	51.638	35.313
888	5046.546	16802.023	15739.213	128.324	51.720	35.353
889	5052.157	16818.788	15747.973	128.404	51.806	35.398
890	5079.389	16846.278	15763.119	128.564	51.960	35.437
891	5098.624	16869.720	15772.566	128.644	52.052	35.479
892	5114.270	16887.270	15780.109	128.767	52.134	35.521
893	5125.462	16905.082	15791.556	128.847	52.220	35.563
894	5141.204	16923.021	15800.512	128.927	52.300	35.602
895	5144.099	16938.011	15815.115	129.051	52.361	35.644
896	5154.652	16949.721	15819.276	129.220	52.518	35.687
897	5164.063	16963.779	15826.070	129.346	52.654	35.726
898	5173.177	16979.198	15836.511	129.469	52.755	35.766
899	5178.862	16989.783	15844.676	129.549	52.832	35.804
900	5184.221	17001.068	15854.313	129.673	52.913	35.841
901	5192.145	17013.067	15864.526	129.833	53.029	35.883
902	5199.532	17035.511	15885.068	129.956	53.094	35.918
903	5202.930	17042.419	15891.428	130.159	53.178	35.953
904	5210.621	17059.638	15906.080	130.283	53.261	35.991
905	5216.456	17072.745	15918.292	130.452	53.340	36.034
906	5225.208	17089.721	15933.622	130.701	53.459	36.075
907	5229.473	17096.678	15938.352	130.871	53.548	36.115
908	5233.601	17105.656	15946.134	131.103	53.663	36.152
909	5235.186	17120.547	15960.671	131.352	53.716	36.186
910	5237.829	17126.438	15966.516	131.576	53.794	36.245
911	5243.276	17134.559	15971.229	131.699	53.902	36.269
912	5246.873	17143.385	15981.709	131.779	53.979	36.297
913	5257.416	17167.980	16004.704	131.982	54.073	36.340
914	5265.458	17184.357	16019.172	132.106	54.158	36.381
915	5269.208	17197.449	16031.635	132.275	54.214	36.420
916	5274.688	17207.751	16041.325	132.478	54.271	36.452
917	5279.885	17214.054	16044.120	132.602	54.359	36.499
918	5289.081	17224.397	16053.875	132.805	54.479	36.532
919	5296.538	17238.511	16065.197	132.885	54.571	36.574
920	5304.307	17255.188	16079.657	133.100	54.646	36.611
921	5313.405	17280.105	16103.043	133.304	54.724	36.654
922	5320.231	17291.381	16111.846	133.507	54.819	36.694
923	5324.474	17297.614	16117.337	133.710	54.944	36.734
924	5328.776	17303.652	16120.864	133.926	55.113	36.785
925	5334.158	17309.605	16129.506	134.086	55.175	36.823
926	5340.794	17326.225	16142.268	134.220	55.270	36.859
927	5343.550	17334.614	16154.361	134.380	55.344	36.905
928	5347.042	17349.884	16162.745	134.540	55.474	36.946
929	5350.799	17359.343	16169.636	134.620	55.555	36.987
930	5352.324	17362.149	16175.801	134.780	55.649	37.027
931	5354.299	17373.416	16180.636	134.903	55.720	37.072
932	5360.045	17379.641	16184.635	134.983	55.802	37.113
933	5364.821	17387.610	16188.927	135.109	55.926	37.154
934	5367.658	17392.417	16192.387	135.189	56.009	37.197
935	5370.834	17398.331	16196.683	135.269	56.093	37.238
936	5373.102	17404.093	16201.722	135.349	56.172	37.277
937	5374.567	17409.826	16206.789	135.475	56.226	37.317
938	5378.980	17421.531	16217.107	135.679	56.312	37.361
939	5384.723	17429.962	16223.479	135.802	56.402	37.401
940	5388.035	17440.186	16234.126	135.980	56.446	37.444
941	5392.859	17451.050	16243.761	136.183	56.555	37.486
942	5395.730	17463.388	16255.455	136.335	56.619	37.529
943	5399.204	17474.357	16265.994	136.479	56.682	37.572
944	5402.032	17491.460	16283.097	136.682	56.726	37.616
945	5404.519	17500.124	16295.196	136.805	56.790	37.659
946	5409.122	17514.035	16301.997	136.965	56.920	37.702
947	5415.910	17525.386	16309.195	137.125	57.055	37.744
948	5420.340	17527.775	16313.493	137.285	57.168	37.787
949	5428.516	17544.108	16320.740	137.445	57.293	37.826
950	5432.966	17553.099	16327.784	137.562	57.402	37.868
951	5434.907	17565.022	16339.707	137.740	57.442	37.909
952	5436.563	17580.076	16354.421	137.863	57.485	37.953
953	5444.798	17594.171	16366.128	138.023	57.629	38.001
954	5451.332	17607.179	16377.919	138.183	57.745	38.044
955	5455.507	17619.897	16390.609	138.343	57.787	38.085
956	5458.928	17632.643	16402.418	138.512	57.828	38.130
957	5462.964	17648.084	16418.189	138.672	57.876	38.176
958	5469.518	17671.203	16441.335	138.876	57.918	38.218
959	5471.465	17689.310	16459.439	138.999	57.964	38.264
960	5475.150	17705.702	16475.831	139.116	58.010	38.310
961	5477.822	17727.257	16497.386	139.276	58.053	38.354
962	5480.525	17736.417	16506.546	139.436	58.098	38.398
963	5482.321	17745.266	16515.144	139.562	58.152	38.441
964	5484.590	17760.418	16530.296	139.688	58.196	38.485
965	5486.120	17790.037	16559.840	139.804	58.240	38.529
966	5492.474	17807.232	16578.062	139.964	58.332	38.579
967	5497.805	17826.889	16594.116	140.124	58.377	38.623
968	5501.102	17845.112	16612.339	140.284	58.419	38.666
969	5505.569	17862.420	16629.513	140.444	58.464	38.711
970	5512.087	17877.659	16644.147	140.604	58.546	38.755
971	5516.328	17891.229	16656.811	140.764	58.631	38.797
972	5519.509	17906.711	16671.676	140.862	58.693	38.841
973	5521.411	17920.468	16685.433	140.951	58.734	38.881
974	5527.031	17936.598	16701.412	141.111	58.776	38.923
975	5533.722	17951.054	16713.912	141.271	58.884	38.970
976	5536.767	17962.357	16724.843	141.431	58.925	39.014
977	5539.481	17972.574	16735.060	141.591	58.973	39.061
978	5540.747	17982.184	16744.682	141.708	59.014	39.102
979	5544.760	17994.976	16757.289	141.911	59.077	39.153
980	5549.830	18006.049	16766.776	142.035	59.199	39.201
981	5562.787	18023.552	16777.440	142.238	59.382	39.252
982	5573.125	18046.329	16796.752	142.441	59.449	39.298
983	5579.585	18062.770	16813.793	142.601	59.531	39.338
984	5584.652	18081.127	16831.684	142.771	59.580	39.390
985	5589.424	18096.553	16846.785	142.974	59.640	39.438
986	5593.339	18113.819	16863.596	143.097	59.702	39.484
987	5594.749	18131.817	16881.594	143.134	59.742	39.525
988	5598.871	18143.560	16893.020	143.294	59.798	39.569
989	5602.541	18153.263	16902.723	143.454	59.840	39.610
990	5608.731	18175.940	16925.091	143.614	59.899	39.659
991	5618.095	18186.849	16932.620	143.817	60.050	39.704
992	5627.127	18196.203	16938.717	144.021	60.196	39.747
993	5633.514	18201.267	16941.085	144.198	60.362	39.807
994	5641.201	18219.357	16958.466	144.358	60.429	39.844
995	5647.975	18233.978	16971.786	144.562	60.537	39.896
996	5652.414	18244.143	16981.231	144.722	60.604	39.943
997	5662.169	18256.039	16989.413	144.882	60.719	39.994
998	5672.805	18266.573	16994.013	145.131	60.964	40.043
999	5678.126	18271.968	16996.446	145.334	61.158	40.091
1000	5684.684	18278.449	16998.616	145.584	61.342	40.138
1001	5694.653	18290.583	17007.607	145.753	61.472	40.180
1002	5702.299	18301.670	17016.425	145.913	61.605	40.226
1003	5710.636	18311.700	17022.837	146.073	61.740	40.271
1004	5713.777	18319.075	17029.641	146.207	61.826	40.316
1005	5716.248	18325.261	17035.374	146.324	61.880	40.362
1006	5718.580	18330.346	17039.834	146.441	61.962	40.406
1007	5723.566	18336.519	17042.631	146.564	62.071	40.443
1008	5730.808	18343.354	17044.113	146.687	62.207	40.493
1009	5742.787	18358.115	17052.882	146.891	62.408	40.532
1010	5747.703	18369.579	17063.125	147.094	62.518	40.582
1011	5753.959	18377.613	17070.227	147.297	62.635	40.627
1012	5758.729	18385.747	17077.490	147.457	62.743	40.674
1013	5761.319	18392.767	17083.566	147.537	62.825	40.718
1014	5762.391	18400.471	17090.918	147.617	62.878	40.760
1015	5769.268	18410.608	17098.818	147.777	62.967	40.809
1016	5774.023	18421.071	17108.569	147.937	63.048	40.854
1017	5777.685	18434.917	17122.401	148.097	63.094	40.900
1018	5781.926	18447.505	17134.567	148.214	63.149	40.946
1019	5786.496	18454.831	17140.963	148.340	63.261	40.991
1020	5793.895	18463.707	17146.577	148.509	63.354	41.034
1021	5801.806	18473.445	17150.455	148.589	63.449	41.082
1022	5805.848	18481.327	17158.611	148.706	63.508	41.122
1023	5809.198	18489.191	17166.137	148.840	63.568	41.171
1024	5813.334	18497.101	17173.640	149.000	63.628	41.214
1025	5816.945	18504.533	17180.987	149.160	63.720	41.262
1026	5819.520	18511.617	17187.264	149.304	63.776	41.309
1027	5822.316	18519.847	17195.092	149.384	63.856	41.349
1028	5830.558	18527.992	17197.311	149.518	63.990	41.394
1029	5837.110	18536.831	17201.201	149.644	64.120	41.437
1030	5841.397	18546.320	17210.286	149.822	64.172	41.477
1031	5847.993	18555.520	17217.824	149.991	64.310	41.525
1032	5852.333	18564.425	17225.898	150.126	64.422	41.571
1033	5854.993	18570.193	17230.900	150.242	64.484	41.618
1034	5858.513	18576.094	17235.236	150.340	64.570	41.660
1035	5864.237	18582.440	17237.239	150.420	64.656	41.706
1036	5866.157	18589.908	17244.868	150.537	64.711	41.745
1037	5868.595	18595.159	17249.910	150.697	64.772	41.785
1038	5872.258	18601.919	17256.412	150.857	64.834	41.828
1039	5877.709	18608.319	17261.023	151.060	64.951	41.872
1040	5879.724	18616.085	17268.789	151.177	64.996	41.917
1041	5887.271	18624.513	17273.202	151.311	65.083	41.963
1042	5895.083	18633.551	17277.093	151.437	65.217	42.010
1043	5899.848	18644.276	17287.836	151.597	65.305	42.050
1044	5908.012	18658.689	17300.566	151.757	65.391	42.097
1045	5916.233	18670.856	17310.036	151.917	65.501	42.145
1046	5921.984	18677.153	17313.362	152.095	65.590	42.184
1047	5925.468	18683.687	17319.178	152.255	65.690	42.223
1048	5931.861	18690.328	17322.187	152.407	65.825	42.266
1049	5938.965	18696.004	17324.524	152.533	65.988	42.309
1050	5940.975	18703.305	17329.810	152.649	66.051	42.350
1051	5948.922	18711.867	17334.019	152.809	66.201	42.396
1052	5951.011	18718.220	17340.118	152.926	66.263	42.440
1053	5958.223	18725.483	17343.589	153.086	66.410	42.483
1054	5966.622	18734.246	17347.231	153.246	66.557	42.525
1055	5973.668	18742.668	17351.436	153.372	66.635	42.567
1056	5983.299	18752.653	17353.425	153.506	66.862	42.609
1057	5993.683	18763.313	17355.641	153.721	67.140	42.655
1058	6001.086	18775.344	17365.544	153.881	67.276	42.695
1059	6010.955	18787.704	17373.922	154.058	67.421	42.736
1060	6018.901	18801.297	17385.463	154.262	67.505	42.778
1061	6023.484	18809.905	17393.203	154.422	67.591	42.823
1062	6029.989	18817.314	17397.072	154.548	67.677	42.865
1063	6038.461	18826.699	17400.510	154.628	67.815	42.910
1064	6041.087	18834.637	17408.454	154.788	67.870	42.951
1065	6043.827	18840.726	17414.056	154.948	67.965	42.991
1066	6046.020	18846.332	17419.193	155.108	68.015	43.032
1067	6048.366	18852.465	17425.128	155.268	68.068	43.073
1068	6051.205	18857.148	17429.147	155.471	68.199	43.114
1069	6057.167	18863.422	17431.327	155.551	68.290	43.156
1070	6065.161	18871.072	17432.187	155.677	68.466	43.206
1071	6068.983	18876.666	17436.567	155.837	68.601	43.247
1072	6072.598	18882.841	17441.678	155.971	68.702	43.290
1073	6077.238	18888.576	17445.929	156.131	68.844	43.333
1074	6080.445	18894.244	17451.235	156.266	68.895	43.372
1075	6084.133	18898.794	17454.554	156.426	69.028	43.412
1076	6090.548	18905.171	17456.684	156.506	69.115	43.457
1077	6097.880	18937.350	17489.124	156.586	69.168	43.500
1078	6102.242	18955.615	17506.175	156.746	69.214	43.538
1079	6106.397	18959.739	17508.319	156.949	69.362	43.580
1080	6111.258	18965.844	17512.790	157.109	69.498	43.620
1081	6114.505	18969.825	17515.808	157.312	69.633	43.661
1082	6117.945	18974.139	17518.872	157.429	69.739	43.702
1083	6126.823	18982.791	17520.574	157.509	69.823	43.742
1084	6135.321	18991.424	17521.957	157.589	69.918	43.787
1085	6141.380	18997.937	17523.806	157.749	70.072	43.831
1086	6145.062	19001.984	17526.647	157.909	70.219	43.870
1087	6146.767	19004.984	17529.476	158.026	70.268	43.906
1088	6148.378	19008.861	17533.362	158.186	70.334	43.944
1089	6151.943	19012.512	17535.771	158.346	70.479	43.989
1090	6161.618	19022.267	17538.484	158.552	70.687	44.027
1091	6175.841	19036.984	17541.280	158.770	70.997	44.070
1092	6187.657	19049.258	17545.305	158.930	71.158	44.113
1093	6194.401	19058.755	17552.946	159.090	71.271	44.153
1094	6201.230	19069.903	17561.783	159.250	71.395	44.198
1095	6204.495	19078.485	17570.021	159.366	71.453	44.243
1096	6209.450	19085.639	17575.746	159.544	71.588	44.288
1097	6215.199	19092.531	17579.226	159.678	71.673	44.329
1098	6220.568	19100.440	17583.167	159.758	71.760	44.371
1099	6225.215	19113.441	17596.016	159.962	71.860	44.409
1100	6229.857	19121.315	17603.074	160.165	71.985	44.451
1101	6233.309	19129.688	17610.931	160.325	72.037	44.494
1102	6236.912	19137.460	17618.150	160.485	72.093	44.537
1103	6241.093	19141.787	17620.892	160.663	72.189	44.578
1104	6248.328	19148.904	17623.617	160.840	72.447	44.622
1105	6258.185	19159.542	17626.977	161.021	72.717	44.674
1106	6267.119	19168.756	17631.380	161.239	72.893	44.713
1107	6274.184	19178.707	17638.950	161.442	73.019	44.750
1108	6278.906	19187.453	17647.226	161.602	73.125	44.788
1109	6283.413	19194.556	17652.922	161.780	73.253	44.831
1110	6286.939	19200.179	17657.813	161.940	73.403	44.871
1111	6292.617	19206.114	17660.295	162.066	73.494	44.912
1112	6299.367	19213.304	17663.145	162.192	73.576	44.954
1113	6302.125	19217.953	17667.011	162.308	73.679	44.992
1114	6305.171	19224.241	17672.682	162.512	73.771	45.035
1115	6307.017	19228.908	17677.252	162.715	73.827	45.074
1116	6309.906	19233.148	17680.912	162.875	73.915	45.111
1117	6312.306	19237.541	17684.665	162.992	74.019	45.147
1118	6317.989	19243.563	17686.679	163.072	74.107	45.186
1119	6325.304	19251.170	17689.555	163.275	74.304	45.229
1120	6329.665	19256.403	17692.288	163.435	74.450	45.267
1121	6332.846	19260.947	17696.176	163.613	74.556	45.303
1122	6337.934	19266.310	17698.850	163.782	74.680	45.341
1123	6344.884	19271.453	17700.752	163.954	74.858	45.390
1124	6347.453	19278.300	17706.329	164.088	74.945	45.422
1125	6351.177	19282.677	17708.108	164.168	75.032	45.461
1126	6359.183	19290.556	17710.204	164.544	75.322	45.508
1127	6366.823	19298.501	17713.849	164.721	75.481	45.543
1128	6371.873	19305.145	17718.059	164.925	75.635	45.589
1129	6375.274	19314.850	17727.491	165.094	75.716	45.623
1130	6378.143	19322.328	17734.579	165.297	75.775	45.665
1131	6384.378	19331.345	17741.863	165.501	75.881	45.706
1132	6391.738	19339.439	17744.559	165.581	75.966	45.746
1133	6399.053	19347.326	17747.009	165.661	76.052	45.790
1134	6403.986	19352.496	17750.133	165.838	76.201	45.828
1135	6410.534	19360.684	17754.353	166.008	76.300	45.870
1136	6415.607	19370.535	17763.345	166.211	76.381	45.909
1137	6418.320	19378.662	17770.944	166.414	76.457	45.949
1138	6422.041	19387.457	17778.963	166.618	76.539	45.964
1139	6433.690	19399.201	17781.242	166.778	76.699	45.988
1140	6441.995	19408.815	17785.200	166.901	76.806	46.002
1141	6445.542	19418.285	17795.131	167.104	76.857	46.005
1142	6451.231	19428.049	17803.280	167.274	76.950	46.019
1143	6463.065	19441.426	17811.427	167.477	77.091	46.030
1144	6473.909	19453.755	17819.384	167.680	77.217	46.045
1145	6477.537	19459.932	17824.851	167.840	77.330	46.064
1146	6479.309	19467.308	17831.639	167.920	77.409	46.104
1147	6483.745	19472.508	17834.300	168.044	77.493	46.147
1148	6488.450	19483.309	17844.443	168.213	77.567	46.188
1149	6493.697	19492.438	17852.708	168.416	77.661	46.227
1150	6497.337	19502.463	17862.153	168.576	77.754	46.267
1151	6500.541	19514.170	17873.121	168.736	77.831	46.306
1152	6503.477	19521.235	17879.921	168.862	77.884	46.348
1153	6508.239	19527.271	17884.599	169.066	77.960	46.364
1154	6515.507	19536.046	17889.511	169.146	78.022	46.378
1155	6522.147	19543.068	17893.086	169.349	78.195	46.408
1156	6529.370	19552.997	17900.660	169.598	78.380	46.445
1157	6537.605	19564.433	17908.966	169.802	78.520	46.488
1158	6544.869	19573.341	17914.689	169.971	78.662	46.533
1159	6551.426	19581.202	17920.444	170.131	78.802	46.573
1160	6558.502	19589.670	17924.230	170.254	78.921	46.613
1161	6568.083	19599.553	17927.025	170.424	79.031	46.662
1162	6577.557	19609.873	17933.811	170.627	79.192	46.700
1163	6583.539	19618.304	17940.065	170.830	79.322	46.739
1164	6587.982	19631.103	17952.381	171.034	79.382	46.783
1165	6593.759	19643.581	17963.782	171.237	79.473	46.824
1166	6599.658	19650.339	17968.266	171.440	79.627	46.868
1167	6607.656	19659.639	17974.908	171.690	79.815	46.908
1168	6616.564	19669.082	17976.558	171.859	79.951	46.949
1169	6628.102	19680.576	17979.349	172.062	80.153	46.997
1170	6643.661	19700.237	17989.834	172.266	80.341	47.045
1171	6656.223	19712.694	17992.627	172.469	80.536	47.092
1172	6664.076	19724.262	17999.270	172.672	80.644	47.133
1173	6674.364	19734.128	18002.380	172.850	80.797	47.178
1174	6679.396	19739.632	18005.459	173.028	80.920	47.218
1175	6691.217	19751.045	18009.391	173.205	81.058	47.266
1176	6702.295	19767.513	18021.245	173.409	81.223	47.308
1177	6708.069	19777.091	18031.218	173.569	81.306	47.348
1178	6713.305	19789.359	18043.357	173.729	81.350	47.393
1179	6722.328	19800.968	18051.966	173.932	81.441	47.440
1180	6731.215	19812.442	18060.773	174.135	81.580	47.479
1181	6739.321	19830.152	18076.902	174.295	81.658	47.520
1182	6751.144	19845.303	18087.839	174.499	81.810	47.566
1183	6758.472	19860.137	18100.532	174.659	81.891	47.611
1184	6771.981	19880.493	18116.540	174.862	82.023	47.648
1185	6783.644	19898.405	18130.566	175.065	82.149	47.691
1186	6788.957	19912.370	18143.940	175.269	82.202	47.736
1187	6796.671	19923.182	18152.517	175.472	82.312	47.781
1188	6808.959	19934.989	18155.619	175.675	82.506	47.833
1189	6814.390	19949.258	18170.337	175.879	82.561	47.871
1190	6822.897	19967.152	18186.304	176.048	82.646	47.910
1191	6830.893	19984.539	18202.947	176.217	82.725	47.959
1192	6845.805	20005.258	18217.551	176.421	82.877	48.008
1193	6853.799	20020.190	18230.534	176.581	82.969	48.048
1194	6867.426	20033.723	18234.682	176.784	83.163	48.094
1195	6875.673	20043.791	18239.529	177.033	83.342	48.142
1196	6886.675	20054.912	18243.121	177.341	83.578	48.189
1197	6896.762	20069.187	18256.833	177.501	83.672	48.227
1198	6904.210	20078.713	18263.056	177.704	83.818	48.275
1199	6915.615	20091.434	18267.477	177.907	84.018	48.323
1200	6922.809	20098.604	18270.013	178.085	84.192	48.361
1201	6932.145	20108.345	18273.116	178.288	84.359	48.397
1202	6941.988	20118.355	18277.882	178.492	84.550	48.439
1203	6949.696	20127.069	18282.206	178.695	84.738	48.488
1204	6955.079	20140.171	18297.456	178.855	84.778	48.523
1205	6958.640	20152.204	18309.585	179.015	84.839	48.565
1206	6966.580	20163.046	18318.682	179.218	84.954	48.611
1207	6970.994	20173.055	18327.574	179.378	85.074	48.652
1208	6981.984	20184.238	18333.948	179.593	85.256	48.701
1209	6992.287	20194.452	18335.844	179.809	85.474	48.747
1210	6999.920	20205.496	18343.714	179.935	85.557	48.786
1211	7005.920	20214.675	18351.483	180.112	85.645	48.824
1212	7015.999	20224.309	18353.984	180.382	85.911	48.868
1213	7022.806	20232.214	18358.668	180.585	86.039	48.907
1214	7029.984	20240.165	18362.771	180.789	86.228	48.945
1215	7034.210	20244.634	18365.519	181.046	86.418	48.988
1216	7039.499	20251.253	18369.458	181.250	86.592	49.037
1217	7048.695	20262.465	18377.143	181.453	86.781	49.075
1218	7055.109	20274.723	18389.254	181.622	86.862	49.108
1219	7059.638	20284.222	18398.246	181.826	86.919	49.152
1220	7063.996	20293.406	18406.128	181.986	87.013	49.194
1221	7068.381	20300.617	18412.038	182.189	87.096	49.233
1222	7070.776	20308.876	18419.797	182.269	87.178	49.271
1223	7074.695	20315.758	18425.979	182.522	87.265	49.305
1224	7082.728	20325.705	18434.155	182.725	87.433	49.340
1225	7087.905	20337.991	18444.912	182.903	87.491	49.366
1226	7091.813	20352.658	18459.002	183.063	87.529	49.395
1227	7094.986	20358.196	18466.703	183.223	87.639	49.432
1228	7097.310	20367.600	18472.081	183.357	87.703	49.471
1229	7101.248	20374.070	18477.281	183.535	87.809	49.487
1230	7106.598	20379.891	18479.956	183.738	87.992	49.521
1231	7111.110	20390.374	18489.332	183.941	88.030	49.541
1232	7113.287	20397.222	18498.640	184.021	88.084	49.570
1233	7116.592	20404.085	18504.999	184.181	88.182	49.605
1234	7127.298	20417.725	18515.966	184.385	88.322	49.651
1235	7134.815	20429.396	18524.597	184.588	88.423	49.692
1236	7136.420	20437.218	18533.856	184.625	88.484	49.740
1237	7138.926	20449.671	18544.057	184.705	88.551	49.778
1238	7141.953	20456.693	18549.982	184.785	88.633	49.824
1239	7147.936	20466.323	18556.883	184.874	88.716	49.859
1240	7157.562	20480.784	18565.337	184.954	88.802	49.901
1241	7167.762	20492.929	18571.437	185.088	88.948	49.938
1242	7176.306	20504.047	18577.949	185.223	89.076	49.975
1243	7177.842	20510.724	18584.304	185.303	89.127	50.016
1244	7179.576	20517.580	18590.533	185.392	89.179	50.056
1245	7181.558	20521.360	18594.126	185.472	89.251	50.092
1246	7184.199	20527.586	18599.133	185.552	89.330	50.134
1247	7189.304	20536.677	18606.900	185.712	89.410	50.174
1248	7193.467	20543.933	18612.737	185.872	89.526	50.219
1249	7194.895	20549.122	18617.515	185.998	89.581	50.260
1250	7198.035	20552.732	18620.663	186.230	89.644	50.301
1251	7201.859	20558.774	18624.310	186.462	89.735	50.354
1252	7207.324	20565.321	18630.362	186.640	89.826	50.389
1253	7209.761	20570.597	18635.485	186.800	89.877	50.424
1254	7210.849	20575.339	18639.952	186.880	89.928	50.463
1255	7213.401	20580.676	18644.462	187.006	90.011	50.503
1256	7215.696	20585.944	18648.972	187.140	90.090	50.547
1257	7217.527	20589.703	18652.327	187.318	90.146	50.588
1258	7221.300	20595.382	18656.199	187.521	90.244	50.631
1259	7224.708	20599.825	18660.705	187.724	90.353	50.671
1260	7227.613	20602.896	18662.405	187.928	90.527	50.715
1261	7231.915	20607.671	18665.271	188.131	90.674	50.758
1262	7238.280	20614.107	18668.574	188.334	90.863	50.801
1263	7242.384	20619.521	18672.305	188.538	91.005	50.849
1264	7246.143	20624.575	18676.101	188.753	91.142	50.895
1265	7247.070	20627.263	18678.716	189.059	91.223	50.927
1266	7249.414	20630.771	18681.491	189.309	91.337	50.972
1267	7253.963	20636.469	18685.852	189.512	91.411	51.014
1268	7257.898	20641.538	18689.501	189.647	91.503	51.046
1269	7263.876	20647.961	18692.651	189.851	91.650	51.087
1270	7266.816	20652.230	18695.671	190.100	91.736	51.135
1271	7271.969	20657.355	18698.541	190.306	91.927	51.167
1272	7274.534	20660.460	18700.516	190.555	92.092	51.195
1273	7277.289	20664.139	18702.311	190.739	92.222	51.246
1274	7281.889	20668.805	18703.971	190.943	92.415	51.285
1275	7285.392	20672.772	18705.759	191.112	92.507	51.325
1276	7288.920	20676.662	18708.470	191.235	92.629	51.357
1277	7290.673	20678.462	18710.586	191.359	92.686	51.392
1278	7291.662	20680.127	18711.691	191.439	92.773	51.428
1279	7292.534	20681.486	18711.803	191.519	92.830	51.474
1280	7295.263	20684.169	18713.539	191.679	92.986	51.516
1281	7298.676	20687.593	18714.356	191.839	93.142	51.558
1282	7302.722	20691.513	18715.283	191.999	93.309	51.598
1283	7306.551	20695.203	18715.839	192.159	93.476	51.645
1284	7309.299	20697.898	18716.273	192.319	93.641	51.689
1285	7310.659	20699.403	18717.062	192.496	93.734	51.728
1286	7311.746	20700.956	18717.658	192.620	93.810	51.756
1287	7313.644	20702.852	18718.292	192.789	93.925	51.790
1288	7318.283	20707.099	18719.344	192.949	94.093	51.838
1289	7321.763	20710.539	18719.856	193.109	94.260	51.884
1290	7323.660	20713.162	18721.298	193.244	94.341	51.928
1291	7326.046	20715.246	18722.019	193.404	94.461	51.971
1292	7327.810	20717.433	18723.187	193.582	94.551	52.015
1293	7329.655	20719.663	18724.287	193.751	94.678	52.064
1294	7335.300	20725.973	18727.517	193.955	94.875	52.107
1295	7340.540	20731.149	18728.686	194.158	95.076	52.154
1296	7344.743	20735.190	18728.983	194.361	95.246	52.198
1297	7347.765	20738.282	18730.499	194.521	95.406	52.237
1298	7350.990	20741.707	18731.726	194.724	95.598	52.280
1299	7353.253	20744.084	18732.700	194.884	95.756	52.322
1300	7355.558	20746.553	18733.072	195.088	95.853	52.374
1301	7358.841	20749.713	18735.502	195.248	96.005	52.409
1302	7361.114	20751.968	18736.301	195.408	96.155	52.455
1303	7365.214	20756.168	18737.525	195.568	96.291	52.501
1304	7368.509	20759.391	18738.786	195.728	96.447	52.546
1305	7371.337	20762.594	18740.601	195.931	96.605	52.584
1306	7376.115	20767.361	18741.590	196.134	96.809	52.624
1307	7381.849	20773.109	18742.297	196.338	97.012	52.675
1308	7389.128	20780.381	18744.279	196.552	97.227	52.715
1309	7394.824	20786.145	18745.715	196.755	97.427	52.757
1310	7398.763	20790.005	18746.329	196.959	97.624	52.798
1311	7402.618	20794.049	18747.976	197.162	97.820	52.843
1312	7407.218	20798.536	18748.589	197.365	98.002	52.893
1313	7408.212	20799.955	18749.925	197.491	98.086	52.930
1314	7411.411	20802.991	18749.992	197.695	98.283	52.975
1315	7414.895	20806.608	18751.583	197.855	98.448	53.016
1316	7417.494	20809.144	18751.947	198.015	98.604	53.065
1317	7420.198	20811.997	18752.537	198.175	98.759	53.108
1318	7423.308	20815.321	18754.086	198.378	98.953	53.153
1319	7424.902	20817.030	18754.869	198.547	99.109	53.193
1320	7426.134	20818.533	18755.393	198.682	99.217	53.235
1321	7428.162	20820.569	18755.563	198.805	99.323	53.284
1322	7431.357	20823.679	18756.933	198.965	99.482	53.324
1323	7433.507	20825.751	18757.334	199.125	99.639	53.370
1324	7435.829	20828.083	18758.031	199.285	99.794	53.415
1325	7441.233	20833.430	18759.020	199.500	100.012	53.460
1326	7445.914	20838.635	18761.337	199.704	100.208	53.502
1327	7448.332	20840.948	18761.825	199.881	100.314	53.543
1328	7449.440	20842.349	18762.384	200.005	100.417	53.586
1329	7451.476	20844.461	18763.387	200.165	100.572	53.628
1330	7455.074	20848.690	18764.878	200.325	100.724	53.674
1331	7458.601	20852.096	18765.527	200.485	100.885	53.716
1332	7460.658	20854.665	18767.063	200.654	101.009	53.760
1333	7462.382	20856.789	18768.146	200.814	101.136	53.774
1334	7463.630	20858.470	18769.231	200.940	101.209	53.788
1335	7465.274	20860.488	18769.575	201.038	101.281	53.802
1336	7469.303	20864.517	18770.962	201.198	101.441	53.842
1337	7472.487	20867.912	18771.699	201.358	101.584	53.888
1338	7476.848	20872.273	18772.252	201.518	101.744	53.932
1339	7479.627	20875.107	18772.802	201.652	101.882	53.975
1340	7484.293	20879.737	18773.271	201.812	102.041	54.022
1341	7488.740	20884.196	18774.065	201.935	102.166	54.066
1342	7491.230	20886.706	18774.177	202.079	102.308	54.114
1343	7494.055	20889.512	18775.496	202.239	102.459	54.155
1344	7497.394	20892.803	18776.341	202.399	102.618	54.201
1345	7502.456	20897.826	18776.962	202.602	102.820	54.246
1346	7507.148	20903.135	18778.342	202.772	102.990	54.291
1347	7513.535	20909.509	18779.186	202.975	103.193	54.334
1348	7517.699	20913.747	18780.142	203.135	103.348	54.371
1349	7520.739	20917.136	18781.137	203.304	103.449	54.419
1350	7528.633	20924.810	18782.281	203.508	103.652	54.460
1351	7536.193	20932.371	18783.392	203.711	103.855	54.506
1352	7544.956	20941.134	18784.297	203.914	104.059	54.552
1353	7552.840	20949.018	18785.011	204.118	104.262	54.597
1354	7558.860	20955.038	18786.051	204.375	104.520	54.639
1355	7562.033	20958.208	18786.928	204.579	104.785	54.683
1356	7565.489	20961.867	18788.150	204.885	104.968	54.736
1357	7576.518	20972.885	18790.094	205.125	105.204	54.777
1358	7584.705	20979.128	18791.106	205.380	105.493	54.824
1359	7592.669	20989.035	18792.056	205.583	105.696	54.871
1360	7597.989	20994.354	18792.860	205.907	106.020	54.917
1361	7603.540	20999.905	18793.705	206.113	106.226	54.961
1362	7609.104	21005.463	18795.464	206.282	106.395	54.998
1363	7613.479	21009.832	18796.617	206.472	106.600	55.037
1364	7620.357	21017.319	18798.974	206.675	106.811	55.084
1365	7624.614	21021.544	18800.082	206.915	107.008	55.129
1366	7627.785	21024.714	18801.157	207.223	107.307	55.174
1367	7629.800	21026.794	18802.193	207.457	107.531	55.219
1368	7631.925	21029.143	18803.109	207.795	107.802	55.273
1369	7635.111	21032.730	18804.256	208.053	108.076	55.319
1370	7638.232	21037.530	18807.605	208.397	108.259	55.363
1371	7639.318	21042.159	18811.886	208.687	108.459	55.419
1372	7648.746	21051.840	18816.096	208.973	108.731	55.461
1373	7655.735	21059.954	18819.729	209.257	108.939	55.507
1374	7663.145	21067.711	18822.915	209.514	109.163	55.554
1375	7670.650	21075.793	18825.782	209.718	109.483	55.602
1376	7676.265	21081.826	18828.640	209.987	109.787	55.646
1377	7678.895	21087.079	18833.733	210.191	109.933	55.691
1378	7680.190	21092.517	18838.822	210.443	109.994	55.739
1379	7695.817	21106.621	18845.256	210.729	110.263	55.787
1380	7710.977	21124.332	18849.873	210.998	110.532	55.832
1381	7715.712	21130.270	18853.793	211.250	110.687	55.876
1382	7718.453	21134.513	18856.877	211.523	110.799	55.920
1383	7722.299	21141.571	18862.148	211.692	110.918	55.971
1384	7737.780	21156.694	18868.143	211.943	111.148	56.016
1385	7743.007	21163.604	18873.378	212.103	111.273	56.060
1386	7750.769	21171.682	18877.904	212.309	111.405	56.106
1387	7755.040	21177.055	18881.476	212.533	111.543	56.150
1388	7757.491	21180.588	18884.505	212.667	111.650	56.194
1389	7763.440	21188.929	18889.849	212.839	111.740	56.238
1390	7774.995	21201.017	18894.806	213.019	112.025	56.287
1391	7780.979	21208.278	18899.028	213.189	112.178	56.333
1392	7788.262	21216.879	18904.854	213.421	112.314	56.379
1393	7792.495	21222.480	18907.567	213.648	112.591	56.423
1394	7797.445	21228.313	18910.279	213.897	112.749	56.466
1395	7803.126	21233.532	18912.541	214.158	113.013	56.508
1396	7808.402	21239.660	18915.169	214.364	113.191	56.550
1397	7812.577	21242.645	18916.324	214.570	113.318	56.610
1398	7817.778	21251.274	18921.517	214.730	113.455	56.645
1399	7822.923	21257.735	18926.205	214.979	113.615	56.686
1400	7826.501	21264.075	18931.265	215.139	113.702	56.723
1401	7829.765	21267.695	18933.396	215.328	113.795	56.771
1402	7833.613	21271.893	18935.235	215.534	113.974	56.819
1403	7838.233	21276.598	18937.227	215.740	114.226	56.863
1404	7850.172	21288.946	18939.447	216.018	114.590	56.912
1405	7854.158	21296.395	18945.896	216.134	114.696	56.956
1406	7860.868	21305.118	18952.517	216.396	114.923	57.003
1407	7864.891	21310.262	18956.253	216.645	115.092	57.045
1408	7873.175	21319.028	18957.358	216.823	115.270	57.089
1409	7883.009	21328.977	18959.231	217.075	115.513	57.133
1410	7888.977	21334.945	18960.767	217.255	115.740	57.181
1411	7897.051	21342.743	18962.346	217.415	116.029	57.228
1412	7901.637	21348.363	18963.989	217.675	116.238	57.271
1413	7909.233	21357.590	18966.948	217.925	116.492	57.314
1414	7916.669	21364.981	18968.135	218.188	116.755	57.361
1415	7924.283	21373.100	18971.290	218.360	116.928	57.405
1416	7928.975	21378.200	18974.711	218.486	117.051	57.442
1417	7935.739	21384.833	18976.266	218.612	117.178	57.488
1418	7941.495	21390.639	18977.436	218.781	117.451	57.538
1419	7944.494	21395.048	18980.297	218.915	117.576	57.574
1420	7948.796	21399.172	18981.988	219.093	117.743	57.616
1421	7954.847	21407.293	18986.090	219.253	117.905	57.658
1422	7960.899	21414.144	18988.656	219.502	118.092	57.701
1423	7964.286	21418.962	18991.920	219.886	118.341	57.742
1424	7965.848	21420.769	18992.991	220.146	118.513	57.783
1425	7971.006	21426.681	18995.039	220.316	118.745	57.827
1426	7976.654	21430.055	18997.281	220.568	118.950	57.871
1427	7987.687	21444.152	19000.254	220.728	119.112	57.915
1428	7993.347	21449.786	19001.953	220.958	119.267	57.961
1429	8001.593	21457.975	19003.758	221.118	119.434	58.002
1430	8008.626	21464.976	19006.571	221.332	119.638	58.046
1431	8016.414	21472.952	19008.284	221.521	119.921	58.091
1432	8023.241	21479.048	19009.653	221.664	120.171	58.136
1433	8030.547	21487.656	19012.256	221.925	120.379	58.182
1434	8038.044	21495.495	19015.592	222.148	120.597	58.222
1435	8042.804	21503.354	19021.462	222.434	120.779	58.259
1436	8051.732	21512.910	19024.545	222.640	120.989	58.301
1437	8059.253	21520.907	19027.999	222.902	121.240	58.343
1438	8068.114	21530.852	19031.316	223.091	121.424	58.391
1439	8073.507	21536.986	19033.166	223.171	121.704	58.438
1440	8080.541	21544.168	19035.575	223.394	121.888	58.476
1441	8086.768	21550.609	19038.638	223.600	122.089	58.520
1442	8096.967	21562.083	19040.732	223.804	122.290	58.564
1443	8103.492	21568.555	19042.460	224.007	122.493	58.601
1444	8109.218	21574.281	19043.672	224.210	122.696	58.642
1445	8116.274	21581.527	19046.438	224.354	122.815	58.682
1446	8122.768	21589.206	19050.506	224.452	122.936	58.729
1447	8130.668	21597.036	19054.460	224.747	123.181	58.772
1448	8139.784	21603.903	19057.055	224.950	123.353	58.827
1449	8144.781	21612.950	19064.176	225.110	123.444	58.862
1450	8153.204	21623.857	19071.587	225.314	123.583	58.903
1451	8160.875	21631.789	19075.312	225.474	123.758	58.947
1452	8166.325	21639.303	19080.715	225.738	123.868	58.988
1452	8171.785	21645.330	19084.326	225.918	123.954	59.031